 0.000000  0.000000
-0.030303  0.000000
-0.015152 -0.026243
 0.015152 -0.026243
 0.030303 -0.000000
 0.015152  0.026243
-0.015152  0.026243
 0.060606  0.000000
 0.053664  0.028165
 0.034428  0.049878
 0.007305  0.060164
-0.021491  0.056668
-0.045364  0.040189
-0.058845  0.014504
-0.058845 -0.014504
-0.045364 -0.040189
-0.021491 -0.056668
 0.007305 -0.060164
 0.034428 -0.049878
 0.053664 -0.028165
-0.090909  0.000000
-0.085983 -0.029518
-0.071740 -0.055838
-0.049723 -0.076106
-0.022317 -0.088127
 0.007507 -0.090599
 0.036518 -0.083252
 0.061571 -0.066884
 0.079952 -0.043268
 0.089669 -0.014963
 0.089669  0.014963
 0.079952  0.043268
 0.061571  0.066884
 0.036518  0.083252
 0.007507  0.090599
-0.022317  0.088127
-0.049723  0.076106
-0.071740  0.055838
-0.085983  0.029518
 0.121212  0.000000
 0.117690  0.029008
 0.107328  0.056330
 0.090729  0.080379
 0.068856  0.099756
 0.042982  0.113335
 0.014611  0.120328
-0.014611  0.120328
-0.042982  0.113335
-0.068856  0.099756
-0.090729  0.080379
-0.107328  0.056330
-0.117690  0.029008
-0.121212  0.000000
-0.117690 -0.029008
-0.107328 -0.056330
-0.090729 -0.080379
-0.068856 -0.099756
-0.042982 -0.113335
-0.014611 -0.120328
 0.014611 -0.120328
 0.042982 -0.113335
 0.068856 -0.099756
 0.090729 -0.080379
 0.107328 -0.056330
 0.117690 -0.029008
-0.151515  0.000000
-0.148604 -0.029559
-0.139982 -0.057982
-0.125980 -0.084177
-0.107137 -0.107137
-0.084177 -0.125980
-0.057982 -0.139982
-0.029559 -0.148604
-0.000000 -0.151515
 0.029559 -0.148604
 0.057982 -0.139982
 0.084177 -0.125980
 0.107137 -0.107137
 0.125980 -0.084177
 0.139982 -0.057982
 0.148604 -0.029559
 0.151515 -0.000000
 0.148604  0.029559
 0.139982  0.057982
 0.125980  0.084177
 0.107137  0.107137
 0.084177  0.125980
 0.057982  0.139982
 0.029559  0.148604
 0.000000  0.151515
-0.029559  0.148604
-0.057982  0.139982
-0.084177  0.125980
-0.107137  0.107137
-0.125980  0.084177
-0.139982  0.057982
-0.148604  0.029559
 0.181818  0.000000
 0.179464  0.029166
 0.172461  0.057576
 0.160992  0.084495
 0.145353  0.109226
 0.125950  0.131128
 0.103284  0.149633
 0.077944  0.164264
 0.050585  0.174640
 0.021916  0.180493
-0.007321  0.181671
-0.036368  0.178144
-0.064474  0.170003
-0.090909  0.157459
-0.114990  0.140837
-0.136093  0.120568
-0.153671  0.097176
-0.167269  0.071267
-0.176535  0.043512
-0.181229  0.014630
-0.181229 -0.014630
-0.176535 -0.043512
-0.167269 -0.071267
-0.153671 -0.097176
-0.136093 -0.120568
-0.114990 -0.140837
-0.090909 -0.157459
-0.064474 -0.170003
-0.036368 -0.178144
-0.007321 -0.181671
 0.021916 -0.180493
 0.050585 -0.174640
 0.077944 -0.164264
 0.103284 -0.149633
 0.125950 -0.131128
 0.145353 -0.109226
 0.160992 -0.084495
 0.172461 -0.057576
 0.179464 -0.029166
-0.212121  0.000000
-0.210057 -0.029522
-0.203904 -0.058469
-0.193782 -0.086277
-0.179889 -0.112407
-0.162494 -0.136349
-0.141937 -0.157637
-0.118617 -0.175856
-0.092988 -0.190653
-0.065549 -0.201739
-0.036834 -0.208899
-0.007403 -0.211992
 0.022173 -0.210959
 0.051317 -0.205820
 0.079462 -0.196675
 0.106061 -0.183702
 0.130595 -0.167154
 0.152587 -0.147352
 0.171610 -0.124682
 0.187292 -0.099585
 0.199329 -0.072550
 0.207486 -0.044102
 0.211604 -0.014797
 0.211604  0.014797
 0.207486  0.044102
 0.199329  0.072550
 0.187292  0.099585
 0.171610  0.124682
 0.152587  0.147352
 0.130595  0.167154
 0.106061  0.183702
 0.079462  0.196675
 0.051317  0.205820
 0.022173  0.210959
-0.007403  0.211992
-0.036834  0.208899
-0.065549  0.201739
-0.092988  0.190653
-0.118617  0.175856
-0.141937  0.157637
-0.162494  0.136349
-0.179889  0.112407
-0.193782  0.086277
-0.203904  0.058469
-0.210057  0.029522
 0.242424  0.000000
 0.240657  0.029221
 0.235380  0.058016
 0.226671  0.085965
 0.214656  0.112660
 0.199511  0.137713
 0.181457  0.160757
 0.160757  0.181457
 0.137713  0.199511
 0.112660  0.214656
 0.085965  0.226671
 0.058016  0.235380
 0.029221  0.240657
 0.000000  0.242424
-0.029221  0.240657
-0.058016  0.235380
-0.085965  0.226671
-0.112660  0.214656
-0.137713  0.199511
-0.160757  0.181457
-0.181457  0.160757
-0.199511  0.137713
-0.214656  0.112660
-0.226671  0.085965
-0.235380  0.058016
-0.240657  0.029221
-0.242424  0.000000
-0.240657 -0.029221
-0.235380 -0.058016
-0.226671 -0.085965
-0.214656 -0.112660
-0.199511 -0.137713
-0.181457 -0.160757
-0.160757 -0.181457
-0.137713 -0.199511
-0.112660 -0.214656
-0.085965 -0.226671
-0.058016 -0.235380
-0.029221 -0.240657
-0.000000 -0.242424
 0.029221 -0.240657
 0.058016 -0.235380
 0.085965 -0.226671
 0.112660 -0.214656
 0.137713 -0.199511
 0.160757 -0.181457
 0.181457 -0.160757
 0.199511 -0.137713
 0.214656 -0.112660
 0.226671 -0.085965
 0.235380 -0.058016
 0.240657 -0.029221
-0.272727  0.000000
-0.271129 -0.029487
-0.266351 -0.058628
-0.258451 -0.087082
-0.247521 -0.114515
-0.233688 -0.140606
-0.217116 -0.165048
-0.197999 -0.187554
-0.176560 -0.207862
-0.153051 -0.225733
-0.127748 -0.240958
-0.100947 -0.253357
-0.072962 -0.262786
-0.044122 -0.269135
-0.014765 -0.272327
 0.014765 -0.272327
 0.044122 -0.269135
 0.072962 -0.262786
 0.100947 -0.253357
 0.127748 -0.240958
 0.153051 -0.225733
 0.176560 -0.207862
 0.197999 -0.187554
 0.217116 -0.165048
 0.233688 -0.140606
 0.247521 -0.114515
 0.258451 -0.087082
 0.266351 -0.058628
 0.271129 -0.029487
 0.272727 -0.000000
 0.271129  0.029487
 0.266351  0.058628
 0.258451  0.087082
 0.247521  0.114515
 0.233688  0.140606
 0.217116  0.165048
 0.197999  0.187554
 0.176560  0.207862
 0.153051  0.225733
 0.127748  0.240958
 0.100947  0.253357
 0.072962  0.262786
 0.044122  0.269135
 0.014765  0.272327
-0.014765  0.272327
-0.044122  0.269135
-0.072962  0.262786
-0.100947  0.253357
-0.127748  0.240958
-0.153051  0.225733
-0.176560  0.207862
-0.197999  0.187554
-0.217116  0.165048
-0.233688  0.140606
-0.247521  0.114515
-0.258451  0.087082
-0.266351  0.058628
-0.271129  0.029487
 0.303030  0.000000
 0.301616  0.029247
 0.297385  0.058220
 0.290378  0.086650
 0.280659  0.114271
 0.268320  0.140825
 0.253476  0.166064
 0.236265  0.189753
 0.216848  0.211670
 0.195407  0.231611
 0.172141  0.249389
 0.147268  0.264839
 0.121020  0.277816
 0.093642  0.288199
 0.065389  0.295891
 0.036526  0.300821
 0.007322  0.302942
-0.021950  0.302234
-0.051017  0.298705
-0.079608  0.292387
-0.107456  0.283338
-0.134300  0.271645
-0.159891  0.257415
-0.183989  0.240781
-0.206368  0.221900
-0.226821  0.200946
-0.245157  0.178117
-0.261203  0.153624
-0.274810  0.127697
-0.285852  0.100578
-0.294225  0.072520
-0.299850  0.043785
-0.302676  0.014640
-0.302676 -0.014640
-0.299850 -0.043785
-0.294225 -0.072520
-0.285852 -0.100578
-0.274810 -0.127697
-0.261203 -0.153624
-0.245157 -0.178117
-0.226821 -0.200946
-0.206368 -0.221900
-0.183989 -0.240781
-0.159891 -0.257415
-0.134300 -0.271645
-0.107456 -0.283338
-0.079608 -0.292387
-0.051017 -0.298705
-0.021950 -0.302234
 0.007322 -0.302942
 0.036526 -0.300821
 0.065389 -0.295891
 0.093642 -0.288199
 0.121020 -0.277816
 0.147268 -0.264839
 0.172141 -0.249389
 0.195407 -0.231611
 0.216848 -0.211670
 0.236265 -0.189753
 0.253476 -0.166064
 0.268320 -0.140825
 0.280659 -0.114271
 0.290378 -0.086650
 0.297385 -0.058220
 0.301616 -0.029247
-0.333333  0.000000
-0.332065 -0.029052
-0.328269 -0.057883
-0.321975 -0.086273
-0.313231 -0.114007
-0.302103 -0.140873
-0.288675 -0.166667
-0.273051 -0.191192
-0.255348 -0.214263
-0.235702 -0.235702
-0.214263 -0.255348
-0.191192 -0.273051
-0.166667 -0.288675
-0.140873 -0.302103
-0.114007 -0.313231
-0.086273 -0.321975
-0.057883 -0.328269
-0.029052 -0.332065
-0.000000 -0.333333
 0.029052 -0.332065
 0.057883 -0.328269
 0.086273 -0.321975
 0.114007 -0.313231
 0.140873 -0.302103
 0.166667 -0.288675
 0.191192 -0.273051
 0.214263 -0.255348
 0.235702 -0.235702
 0.255348 -0.214263
 0.273051 -0.191192
 0.288675 -0.166667
 0.302103 -0.140873
 0.313231 -0.114007
 0.321975 -0.086273
 0.328269 -0.057883
 0.332065 -0.029052
 0.333333 -0.000000
 0.332065  0.029052
 0.328269  0.057883
 0.321975  0.086273
 0.313231  0.114007
 0.302103  0.140873
 0.288675  0.166667
 0.273051  0.191192
 0.255348  0.214263
 0.235702  0.235702
 0.214263  0.255348
 0.191192  0.273051
 0.166667  0.288675
 0.140873  0.302103
 0.114007  0.313231
 0.086273  0.321975
 0.057883  0.328269
 0.029052  0.332065
 0.000000  0.333333
-0.029052  0.332065
-0.057883  0.328269
-0.086273  0.321975
-0.114007  0.313231
-0.140873  0.302103
-0.166667  0.288675
-0.191192  0.273051
-0.214263  0.255348
-0.235702  0.235702
-0.255348  0.214263
-0.273051  0.191192
-0.288675  0.166667
-0.302103  0.140873
-0.313231  0.114007
-0.321975  0.086273
-0.328269  0.057883
-0.332065  0.029052
 0.363636  0.000000
 0.362457  0.029261
 0.358927  0.058331
 0.353070  0.087024
 0.344922  0.115152
 0.334538  0.142533
 0.321984  0.168990
 0.307342  0.194351
 0.290706  0.218452
 0.272186  0.241136
 0.251900  0.262255
 0.229980  0.281675
 0.206569  0.299267
 0.181818  0.314918
 0.155888  0.328527
 0.128947  0.340006
 0.101170  0.349279
 0.072737  0.356288
 0.043832  0.360985
 0.014642  0.363341
-0.014642  0.363341
-0.043832  0.360985
-0.072737  0.356288
-0.101170  0.349279
-0.128947  0.340006
-0.155888  0.328527
-0.181818  0.314918
-0.206569  0.299267
-0.229980  0.281675
-0.251900  0.262255
-0.272186  0.241136
-0.290706  0.218452
-0.307342  0.194351
-0.321984  0.168990
-0.334538  0.142533
-0.344922  0.115152
-0.353070  0.087024
-0.358927  0.058331
-0.362457  0.029261
-0.363636  0.000000
-0.362457 -0.029261
-0.358927 -0.058331
-0.353070 -0.087024
-0.344922 -0.115152
-0.334538 -0.142533
-0.321984 -0.168990
-0.307342 -0.194351
-0.290706 -0.218452
-0.272186 -0.241136
-0.251900 -0.262255
-0.229980 -0.281675
-0.206569 -0.299267
-0.181818 -0.314918
-0.155888 -0.328527
-0.128947 -0.340006
-0.101170 -0.349279
-0.072737 -0.356288
-0.043832 -0.360985
-0.014642 -0.363341
 0.014642 -0.363341
 0.043832 -0.360985
 0.072737 -0.356288
 0.101170 -0.349279
 0.128947 -0.340006
 0.155888 -0.328527
 0.181818 -0.314918
 0.206569 -0.299267
 0.229980 -0.281675
 0.251900 -0.262255
 0.272186 -0.241136
 0.290706 -0.218452
 0.307342 -0.194351
 0.321984 -0.168990
 0.334538 -0.142533
 0.344922 -0.115152
 0.353070 -0.087024
 0.358927 -0.058331
 0.362457 -0.029261
-0.393939  0.000000
-0.392864 -0.029093
-0.389642 -0.058028
-0.384293 -0.086646
-0.376844 -0.114790
-0.367338 -0.142307
-0.355825 -0.169048
-0.342368 -0.194864
-0.327042 -0.219617
-0.309930 -0.243170
-0.291125 -0.265395
-0.270730 -0.286171
-0.248856 -0.305383
-0.225623 -0.322928
-0.201158 -0.338709
-0.175594 -0.352640
-0.149071 -0.364645
-0.121734 -0.374659
-0.093732 -0.382626
-0.065218 -0.388503
-0.036348 -0.392259
-0.007280 -0.393872
 0.021829 -0.393334
 0.050818 -0.390648
 0.079529 -0.385828
 0.107807 -0.378901
 0.135495 -0.369905
 0.162443 -0.358888
 0.188505 -0.345911
 0.213536 -0.331045
 0.237402 -0.314370
 0.259970 -0.295979
 0.281119 -0.275971
 0.300733 -0.254457
 0.318704 -0.231552
 0.334934 -0.207382
 0.349335 -0.182080
 0.361828 -0.155784
 0.372345 -0.128636
 0.380828 -0.100787
 0.387232 -0.072386
 0.391520 -0.043590
 0.393670 -0.014557
 0.393670  0.014557
 0.391520  0.043590
 0.387232  0.072386
 0.380828  0.100787
 0.372345  0.128636
 0.361828  0.155784
 0.349335  0.182080
 0.334934  0.207382
 0.318704  0.231552
 0.300733  0.254457
 0.281119  0.275971
 0.259970  0.295979
 0.237402  0.314370
 0.213536  0.331045
 0.188505  0.345911
 0.162443  0.358888
 0.135495  0.369905
 0.107807  0.378901
 0.079529  0.385828
 0.050818  0.390648
 0.021829  0.393334
-0.007280  0.393872
-0.036348  0.392259
-0.065218  0.388503
-0.093732  0.382626
-0.121734  0.374659
-0.149071  0.364645
-0.175594  0.352640
-0.201158  0.338709
-0.225623  0.322928
-0.248856  0.305383
-0.270730  0.286171
-0.291125  0.265395
-0.309930  0.243170
-0.327042  0.219617
-0.342368  0.194864
-0.355825  0.169048
-0.367338  0.142307
-0.376844  0.114790
-0.384293  0.086646
-0.389642  0.058028
-0.392864  0.029093
 0.424242  0.000000
 0.423232  0.029269
 0.420204  0.058398
 0.415174  0.087250
 0.408165  0.115685
 0.399211  0.143569
 0.388355  0.170769
 0.375648  0.197155
 0.361151  0.222602
 0.344933  0.246988
 0.327071  0.270197
 0.307651  0.292118
 0.286764  0.312647
 0.264511  0.331686
 0.240997  0.349145
 0.216335  0.364939
 0.190642  0.378995
 0.164040  0.391245
 0.136657  0.401630
 0.108623  0.410101
 0.080070  0.416618
 0.051137  0.421149
 0.021959  0.423674
-0.007323  0.424179
-0.036570  0.422663
-0.065643  0.419133
-0.094403  0.413606
-0.122713  0.406107
-0.150438  0.396674
-0.177447  0.385349
-0.203610  0.372189
-0.228802  0.357255
-0.252905  0.340618
-0.275802  0.322359
-0.297384  0.302563
-0.317550  0.281325
-0.336202  0.258746
-0.353252  0.234935
-0.368619  0.210004
-0.382229  0.184072
-0.394018  0.157263
-0.403929  0.129704
-0.411915  0.101528
-0.417938  0.072867
-0.421969  0.043860
-0.423990  0.014643
-0.423990 -0.014643
-0.421969 -0.043860
-0.417938 -0.072867
-0.411915 -0.101528
-0.403929 -0.129704
-0.394018 -0.157263
-0.382229 -0.184072
-0.368619 -0.210004
-0.353252 -0.234935
-0.336202 -0.258746
-0.317550 -0.281325
-0.297384 -0.302563
-0.275802 -0.322359
-0.252905 -0.340618
-0.228802 -0.357255
-0.203610 -0.372189
-0.177447 -0.385349
-0.150438 -0.396674
-0.122713 -0.406107
-0.094403 -0.413606
-0.065643 -0.419133
-0.036570 -0.422663
-0.007323 -0.424179
 0.021959 -0.423674
 0.051137 -0.421149
 0.080070 -0.416618
 0.108623 -0.410101
 0.136657 -0.401630
 0.164040 -0.391245
 0.190642 -0.378995
 0.216335 -0.364939
 0.240997 -0.349145
 0.264511 -0.331686
 0.286764 -0.312647
 0.307651 -0.292118
 0.327071 -0.270197
 0.344933 -0.246988
 0.361151 -0.222602
 0.375648 -0.197155
 0.388355 -0.170769
 0.399211 -0.143569
 0.408165 -0.115685
 0.415174 -0.087250
 0.420204 -0.058398
 0.423232 -0.029269
-0.454545  0.000000
-0.453612 -0.029123
-0.450814 -0.058126
-0.446163 -0.086890
-0.439679 -0.115298
-0.431389 -0.143231
-0.421326 -0.170576
-0.409531 -0.197220
-0.396054 -0.223053
-0.380949 -0.247970
-0.364279 -0.271868
-0.346112 -0.294649
-0.326522 -0.316219
-0.305591 -0.336490
-0.283404 -0.355378
-0.260053 -0.372806
-0.235633 -0.388701
-0.210245 -0.403000
-0.183992 -0.415642
-0.156984 -0.426577
-0.129331 -0.435758
-0.101146 -0.443149
-0.072545 -0.448719
-0.043647 -0.452445
-0.014569 -0.454312
 0.014569 -0.454312
 0.043647 -0.452445
 0.072545 -0.448719
 0.101146 -0.443149
 0.129331 -0.435758
 0.156984 -0.426577
 0.183992 -0.415642
 0.210245 -0.403000
 0.235633 -0.388701
 0.260053 -0.372806
 0.283404 -0.355378
 0.305591 -0.336490
 0.326522 -0.316219
 0.346112 -0.294649
 0.364279 -0.271868
 0.380949 -0.247970
 0.396054 -0.223053
 0.409531 -0.197220
 0.421326 -0.170576
 0.431389 -0.143231
 0.439679 -0.115298
 0.446163 -0.086890
 0.450814 -0.058126
 0.453612 -0.029123
 0.454545 -0.000000
 0.453612  0.029123
 0.450814  0.058126
 0.446163  0.086890
 0.439679  0.115298
 0.431389  0.143231
 0.421326  0.170576
 0.409531  0.197220
 0.396054  0.223053
 0.380949  0.247970
 0.364279  0.271868
 0.346112  0.294649
 0.326522  0.316219
 0.305591  0.336490
 0.283404  0.355378
 0.260053  0.372806
 0.235633  0.388701
 0.210245  0.403000
 0.183992  0.415642
 0.156984  0.426577
 0.129331  0.435758
 0.101146  0.443149
 0.072545  0.448719
 0.043647  0.452445
 0.014569  0.454312
-0.014569  0.454312
-0.043647  0.452445
-0.072545  0.448719
-0.101146  0.443149
-0.129331  0.435758
-0.156984  0.426577
-0.183992  0.415642
-0.210245  0.403000
-0.235633  0.388701
-0.260053  0.372806
-0.283404  0.355378
-0.305591  0.336490
-0.326522  0.316219
-0.346112  0.294649
-0.364279  0.271868
-0.380949  0.247970
-0.396054  0.223053
-0.409531  0.197220
-0.421326  0.170576
-0.431389  0.143231
-0.439679  0.115298
-0.446163  0.086890
-0.450814  0.058126
-0.453612  0.029123
 0.484848  0.000000
 0.483964  0.029274
 0.481313  0.058442
 0.476907  0.087396
 0.470760  0.116032
 0.462895  0.144244
 0.453341  0.171930
 0.442133  0.198988
 0.429312  0.225320
 0.414924  0.250830
 0.399022  0.275425
 0.381665  0.299015
 0.362914  0.321514
 0.342840  0.342840
 0.321514  0.362914
 0.299015  0.381665
 0.275425  0.399022
 0.250830  0.414924
 0.225320  0.429312
 0.198988  0.442133
 0.171930  0.453341
 0.144244  0.462895
 0.116032  0.470760
 0.087396  0.476907
 0.058442  0.481313
 0.029274  0.483964
 0.000000  0.484848
-0.029274  0.483964
-0.058442  0.481313
-0.087396  0.476907
-0.116032  0.470760
-0.144244  0.462895
-0.171930  0.453341
-0.198988  0.442133
-0.225320  0.429312
-0.250830  0.414924
-0.275425  0.399022
-0.299015  0.381665
-0.321514  0.362914
-0.342840  0.342840
-0.362914  0.321514
-0.381665  0.299015
-0.399022  0.275425
-0.414924  0.250830
-0.429312  0.225320
-0.442133  0.198988
-0.453341  0.171930
-0.462895  0.144244
-0.470760  0.116032
-0.476907  0.087396
-0.481313  0.058442
-0.483964  0.029274
-0.484848  0.000000
-0.483964 -0.029274
-0.481313 -0.058442
-0.476907 -0.087396
-0.470760 -0.116032
-0.462895 -0.144244
-0.453341 -0.171930
-0.442133 -0.198988
-0.429312 -0.225320
-0.414924 -0.250830
-0.399022 -0.275425
-0.381665 -0.299015
-0.362914 -0.321514
-0.342840 -0.342840
-0.321514 -0.362914
-0.299015 -0.381665
-0.275425 -0.399022
-0.250830 -0.414924
-0.225320 -0.429312
-0.198988 -0.442133
-0.171930 -0.453341
-0.144244 -0.462895
-0.116032 -0.470760
-0.087396 -0.476907
-0.058442 -0.481313
-0.029274 -0.483964
-0.000000 -0.484848
 0.029274 -0.483964
 0.058442 -0.481313
 0.087396 -0.476907
 0.116032 -0.470760
 0.144244 -0.462895
 0.171930 -0.453341
 0.198988 -0.442133
 0.225320 -0.429312
 0.250830 -0.414924
 0.275425 -0.399022
 0.299015 -0.381665
 0.321514 -0.362914
 0.342840 -0.342840
 0.362914 -0.321514
 0.381665 -0.299015
 0.399022 -0.275425
 0.414924 -0.250830
 0.429312 -0.225320
 0.442133 -0.198988
 0.453341 -0.171930
 0.462895 -0.144244
 0.470760 -0.116032
 0.476907 -0.087396
 0.481313 -0.058442
 0.483964 -0.029274
-0.515152  0.000000
-0.514326 -0.029145
-0.511854 -0.058196
-0.507742 -0.087061
-0.502003 -0.115647
-0.494656 -0.143863
-0.485725 -0.171617
-0.475238 -0.198823
-0.463228 -0.225391
-0.449735 -0.251237
-0.434800 -0.276278
-0.418474 -0.300435
-0.400806 -0.323628
-0.381855 -0.345786
-0.361681 -0.366835
-0.340348 -0.386710
-0.317924 -0.405346
-0.294483 -0.422683
-0.270098 -0.438667
-0.244848 -0.453245
-0.218813 -0.466371
-0.192078 -0.478003
-0.164727 -0.488105
-0.136848 -0.496642
-0.108532 -0.503589
-0.079867 -0.508923
-0.050947 -0.512626
-0.021864 -0.514687
 0.007290 -0.515100
 0.036420 -0.513863
 0.065433 -0.510979
 0.094237 -0.506459
 0.122739 -0.500316
 0.150848 -0.492571
 0.178474 -0.483248
 0.205528 -0.472376
 0.231923 -0.459992
 0.257576 -0.446134
 0.282403 -0.430847
 0.306326 -0.414180
 0.329268 -0.396187
 0.351155 -0.376924
 0.371917 -0.356453
 0.391487 -0.334841
 0.409804 -0.312157
 0.426808 -0.288472
 0.442445 -0.263863
 0.456664 -0.238409
 0.469421 -0.212192
 0.480674 -0.185294
 0.490387 -0.157803
 0.498529 -0.129807
 0.505074 -0.101395
 0.510002 -0.072658
 0.513296 -0.043688
 0.514945 -0.014578
 0.514945  0.014578
 0.513296  0.043688
 0.510002  0.072658
 0.505074  0.101395
 0.498529  0.129807
 0.490387  0.157803
 0.480674  0.185294
 0.469421  0.212192
 0.456664  0.238409
 0.442445  0.263863
 0.426808  0.288472
 0.409804  0.312157
 0.391487  0.334841
 0.371917  0.356453
 0.351155  0.376924
 0.329268  0.396187
 0.306326  0.414180
 0.282403  0.430847
 0.257576  0.446134
 0.231923  0.459992
 0.205528  0.472376
 0.178474  0.483248
 0.150848  0.492571
 0.122739  0.500316
 0.094237  0.506459
 0.065433  0.510979
 0.036420  0.513863
 0.007290  0.515100
-0.021864  0.514687
-0.050947  0.512626
-0.079867  0.508923
-0.108532  0.503589
-0.136848  0.496642
-0.164727  0.488105
-0.192078  0.478003
-0.218813  0.466371
-0.244848  0.453245
-0.270098  0.438667
-0.294483  0.422683
-0.317924  0.405346
-0.340348  0.386710
-0.361681  0.366835
-0.381855  0.345786
-0.400806  0.323628
-0.418474  0.300435
-0.434800  0.276278
-0.449735  0.251237
-0.463228  0.225391
-0.475238  0.198823
-0.485725  0.171617
-0.494656  0.143863
-0.502003  0.115647
-0.507742  0.087061
-0.511854  0.058196
-0.514326  0.029145
 0.545455  0.000000
 0.544668  0.029278
 0.542311  0.058472
 0.538391  0.087497
 0.532918  0.116270
 0.525909  0.144708
 0.517384  0.172728
 0.507366  0.200250
 0.495886  0.227195
 0.482976  0.253485
 0.468674  0.279044
 0.453020  0.303799
 0.436060  0.327678
 0.417842  0.350611
 0.398420  0.372534
 0.377850  0.393383
 0.356189  0.413098
 0.333502  0.431621
 0.309853  0.448900
 0.285311  0.464885
 0.259947  0.479529
 0.233832  0.492791
 0.207044  0.504632
 0.179658  0.515018
 0.151755  0.523919
 0.123414  0.531309
 0.094717  0.537168
 0.065747  0.541478
 0.036588  0.544226
 0.007323  0.545405
-0.021963  0.545012
-0.051186  0.543048
-0.080261  0.539517
-0.109105  0.534431
-0.137634  0.527804
-0.165766  0.519656
-0.193421  0.510009
-0.220518  0.498891
-0.246978  0.486336
-0.272727  0.472377
-0.297690  0.457057
-0.321794  0.440420
-0.344970  0.422512
-0.367152  0.403386
-0.388275  0.383097
-0.408279  0.361703
-0.427105  0.339267
-0.444700  0.315852
-0.461013  0.291527
-0.475996  0.266361
-0.489607  0.240427
-0.501807  0.213800
-0.512560  0.186556
-0.521834  0.158775
-0.529605  0.130536
-0.535848  0.101920
-0.540546  0.073011
-0.543686  0.043891
-0.545258  0.014644
-0.545258 -0.014644
-0.543686 -0.043891
-0.540546 -0.073011
-0.535848 -0.101920
-0.529605 -0.130536
-0.521834 -0.158775
-0.512560 -0.186556
-0.501807 -0.213800
-0.489607 -0.240427
-0.475996 -0.266361
-0.461013 -0.291527
-0.444700 -0.315852
-0.427105 -0.339267
-0.408279 -0.361703
-0.388275 -0.383097
-0.367152 -0.403386
-0.344970 -0.422512
-0.321794 -0.440420
-0.297690 -0.457057
-0.272727 -0.472377
-0.246978 -0.486336
-0.220518 -0.498891
-0.193421 -0.510009
-0.165766 -0.519656
-0.137634 -0.527804
-0.109105 -0.534431
-0.080261 -0.539517
-0.051186 -0.543048
-0.021963 -0.545012
 0.007323 -0.545405
 0.036588 -0.544226
 0.065747 -0.541478
 0.094717 -0.537168
 0.123414 -0.531309
 0.151755 -0.523919
 0.179658 -0.515018
 0.207044 -0.504632
 0.233832 -0.492791
 0.259947 -0.479529
 0.285311 -0.464885
 0.309853 -0.448900
 0.333502 -0.431621
 0.356189 -0.413098
 0.377850 -0.393383
 0.398420 -0.372534
 0.417842 -0.350611
 0.436060 -0.327678
 0.453020 -0.303799
 0.468674 -0.279044
 0.482976 -0.253485
 0.495886 -0.227195
 0.507366 -0.200250
 0.517384 -0.172728
 0.525909 -0.144708
 0.532918 -0.116270
 0.538391 -0.087497
 0.542311 -0.058472
 0.544668 -0.029278
-0.575758  0.000000
-0.575019 -0.029162
-0.572804 -0.058248
-0.569118 -0.087186
-0.563972 -0.115899
-0.557378 -0.144315
-0.549353 -0.172361
-0.539918 -0.199964
-0.529097 -0.227053
-0.516918 -0.253560
-0.503412 -0.279416
-0.488613 -0.304555
-0.472561 -0.328912
-0.455295 -0.352425
-0.436861 -0.375033
-0.417305 -0.396678
-0.396678 -0.417305
-0.375033 -0.436861
-0.352425 -0.455295
-0.328912 -0.472561
-0.304555 -0.488613
-0.279416 -0.503412
-0.253560 -0.516918
-0.227053 -0.529097
-0.199964 -0.539918
-0.172361 -0.549353
-0.144315 -0.557378
-0.115899 -0.563972
-0.087186 -0.569118
-0.058248 -0.572804
-0.029162 -0.575019
-0.000000 -0.575758
 0.029162 -0.575019
 0.058248 -0.572804
 0.087186 -0.569118
 0.115899 -0.563972
 0.144315 -0.557378
 0.172361 -0.549353
 0.199964 -0.539918
 0.227053 -0.529097
 0.253560 -0.516918
 0.279416 -0.503412
 0.304555 -0.488613
 0.328912 -0.472561
 0.352425 -0.455295
 0.375033 -0.436861
 0.396678 -0.417305
 0.417305 -0.396678
 0.436861 -0.375033
 0.455295 -0.352425
 0.472561 -0.328912
 0.488613 -0.304555
 0.503412 -0.279416
 0.516918 -0.253560
 0.529097 -0.227053
 0.539918 -0.199964
 0.549353 -0.172361
 0.557378 -0.144315
 0.563972 -0.115899
 0.569118 -0.087186
 0.572804 -0.058248
 0.575019 -0.029162
 0.575758 -0.000000
 0.575019  0.029162
 0.572804  0.058248
 0.569118  0.087186
 0.563972  0.115899
 0.557378  0.144315
 0.549353  0.172361
 0.539918  0.199964
 0.529097  0.227053
 0.516918  0.253560
 0.503412  0.279416
 0.488613  0.304555
 0.472561  0.328912
 0.455295  0.352425
 0.436861  0.375033
 0.417305  0.396678
 0.396678  0.417305
 0.375033  0.436861
 0.352425  0.455295
 0.328912  0.472561
 0.304555  0.488613
 0.279416  0.503412
 0.253560  0.516918
 0.227053  0.529097
 0.199964  0.539918
 0.172361  0.549353
 0.144315  0.557378
 0.115899  0.563972
 0.087186  0.569118
 0.058248  0.572804
 0.029162  0.575019
 0.000000  0.575758
-0.029162  0.575019
-0.058248  0.572804
-0.087186  0.569118
-0.115899  0.563972
-0.144315  0.557378
-0.172361  0.549353
-0.199964  0.539918
-0.227053  0.529097
-0.253560  0.516918
-0.279416  0.503412
-0.304555  0.488613
-0.328912  0.472561
-0.352425  0.455295
-0.375033  0.436861
-0.396678  0.417305
-0.417305  0.396678
-0.436861  0.375033
-0.455295  0.352425
-0.472561  0.328912
-0.488613  0.304555
-0.503412  0.279416
-0.516918  0.253560
-0.529097  0.227053
-0.539918  0.199964
-0.549353  0.172361
-0.557378  0.144315
-0.563972  0.115899
-0.569118  0.087186
-0.572804  0.058248
-0.575019  0.029162
 0.606061  0.000000
 0.605364  0.029057
 0.603274  0.058048
 0.599797  0.086905
 0.594941  0.115563
 0.588716  0.143954
 0.581137  0.172014
 0.572222  0.199679
 0.561990  0.226885
 0.550466  0.253568
 0.537676  0.279669
 0.523648  0.305126
 0.508417  0.329881
 0.492016  0.353878
 0.474484  0.377060
 0.455860  0.399376
 0.436188  0.420773
 0.415512  0.441202
 0.393881  0.460616
 0.371344  0.478971
 0.347953  0.496224
 0.323761  0.512336
 0.298825  0.527269
 0.273201  0.540990
 0.246950  0.553467
 0.220130  0.564670
 0.192804  0.574575
 0.165034  0.583158
 0.136885  0.590400
 0.108421  0.596284
 0.079707  0.600796
 0.050810  0.603927
 0.021797  0.605669
-0.007267  0.606017
-0.036314  0.604972
-0.065278  0.602535
-0.094091  0.598712
-0.122688  0.593513
-0.151003  0.586948
-0.178970  0.579033
-0.206526  0.569786
-0.233607  0.559229
-0.260150  0.547386
-0.286095  0.534283
-0.311383  0.519952
-0.335954  0.504425
-0.359752  0.487738
-0.382723  0.469929
-0.404813  0.451039
-0.425973  0.431111
-0.446152  0.410192
-0.465306  0.388330
-0.483389  0.365574
-0.500361  0.341978
-0.516181  0.317595
-0.530815  0.292481
-0.544227  0.266695
-0.556388  0.240295
-0.567269  0.213343
-0.576845  0.185900
-0.585095  0.158030
-0.591999  0.129796
-0.597541  0.101263
-0.601709  0.072498
-0.604493  0.043565
-0.605886  0.014533
-0.605886 -0.014533
-0.604493 -0.043565
-0.601709 -0.072498
-0.597541 -0.101263
-0.591999 -0.129796
-0.585095 -0.158030
-0.576845 -0.185900
-0.567269 -0.213343
-0.556388 -0.240295
-0.544227 -0.266695
-0.530815 -0.292481
-0.516181 -0.317595
-0.500361 -0.341978
-0.483389 -0.365574
-0.465306 -0.388330
-0.446152 -0.410192
-0.425973 -0.431111
-0.404813 -0.451039
-0.382723 -0.469929
-0.359752 -0.487738
-0.335954 -0.504425
-0.311383 -0.519952
-0.286095 -0.534283
-0.260150 -0.547386
-0.233607 -0.559229
-0.206526 -0.569786
-0.178970 -0.579033
-0.151003 -0.586948
-0.122688 -0.593513
-0.094091 -0.598712
-0.065278 -0.602535
-0.036314 -0.604972
-0.007267 -0.606017
 0.021797 -0.605669
 0.050810 -0.603927
 0.079707 -0.600796
 0.108421 -0.596284
 0.136885 -0.590400
 0.165034 -0.583158
 0.192804 -0.574575
 0.220130 -0.564670
 0.246950 -0.553467
 0.273201 -0.540990
 0.298825 -0.527269
 0.323761 -0.512336
 0.347953 -0.496224
 0.371344 -0.478971
 0.393881 -0.460616
 0.415512 -0.441202
 0.436188 -0.420773
 0.455860 -0.399376
 0.474484 -0.377060
 0.492016 -0.353878
 0.508417 -0.329881
 0.523648 -0.305126
 0.537676 -0.279669
 0.550466 -0.253568
 0.561990 -0.226885
 0.572222 -0.199679
 0.581137 -0.172014
 0.588716 -0.143954
 0.594941 -0.115563
 0.599797 -0.086905
 0.603274 -0.058048
 0.605364 -0.029057
-0.636364  0.000000
-0.635694 -0.029175
-0.633688 -0.058289
-0.630350 -0.087280
-0.625685 -0.116088
-0.619705 -0.144651
-0.612422 -0.172910
-0.603851 -0.200806
-0.594009 -0.228279
-0.582919 -0.255273
-0.570603 -0.281729
-0.557086 -0.307593
-0.542398 -0.332810
-0.526570 -0.357327
-0.509634 -0.381093
-0.491626 -0.404057
-0.472585 -0.426172
-0.452549 -0.447390
-0.431562 -0.467667
-0.409667 -0.486961
-0.386911 -0.505231
-0.363341 -0.522438
-0.339007 -0.538547
-0.313960 -0.553523
-0.288253 -0.567335
-0.261939 -0.579954
-0.235075 -0.591353
-0.207716 -0.601509
-0.179921 -0.610399
-0.151747 -0.618006
-0.123254 -0.624313
-0.094502 -0.629308
-0.065551 -0.632979
-0.036462 -0.635318
-0.007296 -0.636322
 0.021885 -0.635987
 0.051020 -0.634315
 0.080047 -0.631309
 0.108906 -0.626975
 0.137536 -0.621323
 0.165877 -0.614364
 0.193869 -0.606113
 0.221454 -0.596588
 0.248572 -0.585807
 0.275168 -0.573795
 0.301186 -0.560576
 0.326569 -0.546179
 0.351266 -0.530632
 0.375225 -0.513970
 0.398394 -0.496227
 0.420725 -0.477440
 0.442172 -0.457649
 0.462689 -0.436896
 0.482232 -0.415224
 0.500762 -0.392678
 0.518238 -0.369307
 0.534625 -0.345159
 0.549887 -0.320286
 0.563993 -0.294739
 0.576913 -0.268571
 0.588619 -0.241840
 0.599088 -0.214599
 0.608296 -0.186907
 0.616226 -0.158823
 0.622859 -0.130404
 0.628183 -0.101711
 0.632185 -0.072804
 0.634858 -0.043743
 0.636196 -0.014591
 0.636196  0.014591
 0.634858  0.043743
 0.632185  0.072804
 0.628183  0.101711
 0.622859  0.130404
 0.616226  0.158823
 0.608296  0.186907
 0.599088  0.214599
 0.588619  0.241840
 0.576913  0.268571
 0.563993  0.294739
 0.549887  0.320286
 0.534625  0.345159
 0.518238  0.369307
 0.500762  0.392678
 0.482232  0.415224
 0.462689  0.436896
 0.442172  0.457649
 0.420725  0.477440
 0.398394  0.496227
 0.375225  0.513970
 0.351266  0.530632
 0.326569  0.546179
 0.301186  0.560576
 0.275168  0.573795
 0.248572  0.585807
 0.221454  0.596588
 0.193869  0.606113
 0.165877  0.614364
 0.137536  0.621323
 0.108906  0.626975
 0.080047  0.631309
 0.051020  0.634315
 0.021885  0.635987
-0.007296  0.636322
-0.036462  0.635318
-0.065551  0.632979
-0.094502  0.629308
-0.123254  0.624313
-0.151747  0.618006
-0.179921  0.610399
-0.207716  0.601509
-0.235075  0.591353
-0.261939  0.579954
-0.288253  0.567335
-0.313960  0.553523
-0.339007  0.538547
-0.363341  0.522438
-0.386911  0.505231
-0.409667  0.486961
-0.431562  0.467667
-0.452549  0.447390
-0.472585  0.426172
-0.491626  0.404057
-0.509634  0.381093
-0.526570  0.357327
-0.542398  0.332810
-0.557086  0.307593
-0.570603  0.281729
-0.582919  0.255273
-0.594009  0.228279
-0.603851  0.200806
-0.612422  0.172910
-0.619705  0.144651
-0.625685  0.116088
-0.630350  0.087280
-0.633688  0.058289
-0.635694  0.029175
 0.666667  0.000000
 0.666032  0.029080
 0.664130  0.058104
 0.660963  0.087017
 0.656539  0.115765
 0.650864  0.144293
 0.643951  0.172546
 0.635811  0.200471
 0.626462  0.228013
 0.615920  0.255122
 0.604205  0.281746
 0.591341  0.307832
 0.577350  0.333333
 0.562261  0.358200
 0.546101  0.382384
 0.528902  0.405841
 0.510696  0.428525
 0.491518  0.450393
 0.471405  0.471405
 0.450393  0.491518
 0.428525  0.510696
 0.405841  0.528902
 0.382384  0.546101
 0.358200  0.562261
 0.333333  0.577350
 0.307832  0.591341
 0.281746  0.604205
 0.255122  0.615920
 0.228013  0.626462
 0.200471  0.635811
 0.172546  0.643951
 0.144293  0.650864
 0.115765  0.656539
 0.087017  0.660963
 0.058104  0.664130
 0.029080  0.666032
 0.000000  0.666667
-0.029080  0.666032
-0.058104  0.664130
-0.087017  0.660963
-0.115765  0.656539
-0.144293  0.650864
-0.172546  0.643951
-0.200471  0.635811
-0.228013  0.626462
-0.255122  0.615920
-0.281746  0.604205
-0.307832  0.591341
-0.333333  0.577350
-0.358200  0.562261
-0.382384  0.546101
-0.405841  0.528902
-0.428525  0.510696
-0.450393  0.491518
-0.471405  0.471405
-0.491518  0.450393
-0.510696  0.428525
-0.528902  0.405841
-0.546101  0.382384
-0.562261  0.358200
-0.577350  0.333333
-0.591341  0.307832
-0.604205  0.281746
-0.615920  0.255122
-0.626462  0.228013
-0.635811  0.200471
-0.643951  0.172546
-0.650864  0.144293
-0.656539  0.115765
-0.660963  0.087017
-0.664130  0.058104
-0.666032  0.029080
-0.666667  0.000000
-0.666032 -0.029080
-0.664130 -0.058104
-0.660963 -0.087017
-0.656539 -0.115765
-0.650864 -0.144293
-0.643951 -0.172546
-0.635811 -0.200471
-0.626462 -0.228013
-0.615920 -0.255122
-0.604205 -0.281746
-0.591341 -0.307832
-0.577350 -0.333333
-0.562261 -0.358200
-0.546101 -0.382384
-0.528902 -0.405841
-0.510696 -0.428525
-0.491518 -0.450393
-0.471405 -0.471405
-0.450393 -0.491518
-0.428525 -0.510696
-0.405841 -0.528902
-0.382384 -0.546101
-0.358200 -0.562261
-0.333333 -0.577350
-0.307832 -0.591341
-0.281746 -0.604205
-0.255122 -0.615920
-0.228013 -0.626462
-0.200471 -0.635811
-0.172546 -0.643951
-0.144293 -0.650864
-0.115765 -0.656539
-0.087017 -0.660963
-0.058104 -0.664130
-0.029080 -0.666032
-0.000000 -0.666667
 0.029080 -0.666032
 0.058104 -0.664130
 0.087017 -0.660963
 0.115765 -0.656539
 0.144293 -0.650864
 0.172546 -0.643951
 0.200471 -0.635811
 0.228013 -0.626462
 0.255122 -0.615920
 0.281746 -0.604205
 0.307832 -0.591341
 0.333333 -0.577350
 0.358200 -0.562261
 0.382384 -0.546101
 0.405841 -0.528902
 0.428525 -0.510696
 0.450393 -0.491518
 0.471405 -0.471405
 0.491518 -0.450393
 0.510696 -0.428525
 0.528902 -0.405841
 0.546101 -0.382384
 0.562261 -0.358200
 0.577350 -0.333333
 0.591341 -0.307832
 0.604205 -0.281746
 0.615920 -0.255122
 0.626462 -0.228013
 0.635811 -0.200471
 0.643951 -0.172546
 0.650864 -0.144293
 0.656539 -0.115765
 0.660963 -0.087017
 0.664130 -0.058104
 0.666032 -0.029080
-0.696970  0.000000
-0.696358 -0.029186
-0.694525 -0.058321
-0.691474 -0.087353
-0.687209 -0.116233
-0.681739 -0.144908
-0.675073 -0.173329
-0.667223 -0.201446
-0.658202 -0.229210
-0.648026 -0.256572
-0.636714 -0.283483
-0.624284 -0.309897
-0.610759 -0.335768
-0.596163 -0.361049
-0.580521 -0.385697
-0.563860 -0.409669
-0.546211 -0.432921
-0.527603 -0.455414
-0.508069 -0.477109
-0.487644 -0.497966
-0.466364 -0.517949
-0.444265 -0.537024
-0.421387 -0.555157
-0.397770 -0.572316
-0.373455 -0.588471
-0.348485 -0.603593
-0.322903 -0.617657
-0.296755 -0.630637
-0.270087 -0.642511
-0.242944 -0.653257
-0.215375 -0.662858
-0.187429 -0.671295
-0.159154 -0.678555
-0.130599 -0.684624
-0.101815 -0.689493
-0.072853 -0.693152
-0.043763 -0.695594
-0.014596 -0.696817
 0.014596 -0.696817
 0.043763 -0.695594
 0.072853 -0.693152
 0.101815 -0.689493
 0.130599 -0.684624
 0.159154 -0.678555
 0.187429 -0.671295
 0.215375 -0.662858
 0.242944 -0.653257
 0.270087 -0.642511
 0.296755 -0.630637
 0.322903 -0.617657
 0.348485 -0.603593
 0.373455 -0.588471
 0.397770 -0.572316
 0.421387 -0.555157
 0.444265 -0.537024
 0.466364 -0.517949
 0.487644 -0.497966
 0.508069 -0.477109
 0.527603 -0.455414
 0.546211 -0.432921
 0.563860 -0.409669
 0.580521 -0.385697
 0.596163 -0.361049
 0.610759 -0.335768
 0.624284 -0.309897
 0.636714 -0.283483
 0.648026 -0.256572
 0.658202 -0.229210
 0.667223 -0.201446
 0.675073 -0.173329
 0.681739 -0.144908
 0.687209 -0.116233
 0.691474 -0.087353
 0.694525 -0.058321
 0.696358 -0.029186
 0.696970 -0.000000
 0.696358  0.029186
 0.694525  0.058321
 0.691474  0.087353
 0.687209  0.116233
 0.681739  0.144908
 0.675073  0.173329
 0.667223  0.201446
 0.658202  0.229210
 0.648026  0.256572
 0.636714  0.283483
 0.624284  0.309897
 0.610759  0.335768
 0.596163  0.361049
 0.580521  0.385697
 0.563860  0.409669
 0.546211  0.432921
 0.527603  0.455414
 0.508069  0.477109
 0.487644  0.497966
 0.466364  0.517949
 0.444265  0.537024
 0.421387  0.555157
 0.397770  0.572316
 0.373455  0.588471
 0.348485  0.603593
 0.322903  0.617657
 0.296755  0.630637
 0.270087  0.642511
 0.242944  0.653257
 0.215375  0.662858
 0.187429  0.671295
 0.159154  0.678555
 0.130599  0.684624
 0.101815  0.689493
 0.072853  0.693152
 0.043763  0.695594
 0.014596  0.696817
-0.014596  0.696817
-0.043763  0.695594
-0.072853  0.693152
-0.101815  0.689493
-0.130599  0.684624
-0.159154  0.678555
-0.187429  0.671295
-0.215375  0.662858
-0.242944  0.653257
-0.270087  0.642511
-0.296755  0.630637
-0.322903  0.617657
-0.348485  0.603593
-0.373455  0.588471
-0.397770  0.572316
-0.421387  0.555157
-0.444265  0.537024
-0.466364  0.517949
-0.487644  0.497966
-0.508069  0.477109
-0.527603  0.455414
-0.546211  0.432921
-0.563860  0.409669
-0.580521  0.385697
-0.596163  0.361049
-0.610759  0.335768
-0.624284  0.309897
-0.636714  0.283483
-0.648026  0.256572
-0.658202  0.229210
-0.667223  0.201446
-0.675073  0.173329
-0.681739  0.144908
-0.687209  0.116233
-0.691474  0.087353
-0.694525  0.058321
-0.696358  0.029186
 0.727273  0.000000
 0.726690  0.029098
 0.724944  0.058149
 0.722037  0.087107
 0.717974  0.115926
 0.712761  0.144559
 0.706407  0.172961
 0.698921  0.201085
 0.690316  0.228888
 0.680605  0.256324
 0.669805  0.283349
 0.657932  0.309921
 0.645005  0.335996
 0.631046  0.361534
 0.616076  0.386492
 0.600119  0.410832
 0.583201  0.434513
 0.565350  0.457499
 0.546593  0.479752
 0.526960  0.501237
 0.506484  0.521919
 0.485197  0.541765
 0.463132  0.560744
 0.440326  0.578825
 0.416815  0.595979
 0.392637  0.612178
 0.367829  0.627397
 0.342433  0.641612
 0.316488  0.654798
 0.290036  0.666937
 0.263120  0.678007
 0.235783  0.687991
 0.208068  0.696874
 0.180020  0.704641
 0.151683  0.711279
 0.123104  0.716778
 0.094327  0.721130
 0.065399  0.724326
 0.036367  0.726363
 0.007276  0.727236
-0.021826  0.726945
-0.050893  0.725490
-0.079879  0.722873
-0.108737  0.719098
-0.137421  0.714172
-0.165884  0.708102
-0.194082  0.700898
-0.221970  0.692571
-0.249502  0.683136
-0.276634  0.672606
-0.303323  0.661000
-0.329526  0.648335
-0.355202  0.634631
-0.380309  0.619912
-0.404807  0.604199
-0.428657  0.587519
-0.451820  0.569899
-0.474260  0.551365
-0.495940  0.531949
-0.516826  0.511680
-0.536884  0.490593
-0.556082  0.468719
-0.574391  0.446095
-0.591779  0.422757
-0.608219  0.398742
-0.623686  0.374088
-0.638153  0.348835
-0.651599  0.323023
-0.664001  0.296695
-0.675340  0.269891
-0.685598  0.242654
-0.694757  0.215030
-0.702804  0.187060
-0.709726  0.158792
-0.715511  0.130269
-0.720150  0.101537
-0.723636  0.072643
-0.725963  0.043632
-0.727127  0.014552
-0.727127 -0.014552
-0.725963 -0.043632
-0.723636 -0.072643
-0.720150 -0.101537
-0.715511 -0.130269
-0.709726 -0.158792
-0.702804 -0.187060
-0.694757 -0.215030
-0.685598 -0.242654
-0.675340 -0.269891
-0.664001 -0.296695
-0.651599 -0.323023
-0.638153 -0.348835
-0.623686 -0.374088
-0.608219 -0.398742
-0.591779 -0.422757
-0.574391 -0.446095
-0.556082 -0.468719
-0.536884 -0.490593
-0.516826 -0.511680
-0.495940 -0.531949
-0.474260 -0.551365
-0.451820 -0.569899
-0.428657 -0.587519
-0.404807 -0.604199
-0.380309 -0.619912
-0.355202 -0.634631
-0.329526 -0.648335
-0.303323 -0.661000
-0.276634 -0.672606
-0.249502 -0.683136
-0.221970 -0.692571
-0.194082 -0.700898
-0.165884 -0.708102
-0.137421 -0.714172
-0.108737 -0.719098
-0.079879 -0.722873
-0.050893 -0.725490
-0.021826 -0.726945
 0.007276 -0.727236
 0.036367 -0.726363
 0.065399 -0.724326
 0.094327 -0.721130
 0.123104 -0.716778
 0.151683 -0.711279
 0.180020 -0.704641
 0.208068 -0.696874
 0.235783 -0.687991
 0.263120 -0.678007
 0.290036 -0.666937
 0.316488 -0.654798
 0.342433 -0.641612
 0.367829 -0.627397
 0.392637 -0.612178
 0.416815 -0.595979
 0.440326 -0.578825
 0.463132 -0.560744
 0.485197 -0.541765
 0.506484 -0.521919
 0.526960 -0.501237
 0.546593 -0.479752
 0.565350 -0.457499
 0.583201 -0.434513
 0.600119 -0.410832
 0.616076 -0.386492
 0.631046 -0.361534
 0.645005 -0.335996
 0.657932 -0.309921
 0.669805 -0.283349
 0.680605 -0.256324
 0.690316 -0.228888
 0.698921 -0.201085
 0.706407 -0.172961
 0.712761 -0.144559
 0.717974 -0.115926
 0.722037 -0.087107
 0.724944 -0.058149
 0.726690 -0.029098
-0.757576  0.000000
-0.757013 -0.029195
-0.755326 -0.058347
-0.752516 -0.087412
-0.748588 -0.116347
-0.743548 -0.145110
-0.737404 -0.173656
-0.730164 -0.201945
-0.721839 -0.229934
-0.712442 -0.257581
-0.701986 -0.284846
-0.690487 -0.311687
-0.677962 -0.338065
-0.664431 -0.363941
-0.649912 -0.389276
-0.634427 -0.414033
-0.618000 -0.438175
-0.600655 -0.461665
-0.582417 -0.484470
-0.563314 -0.506555
-0.543374 -0.527888
-0.522627 -0.548436
-0.501103 -0.568169
-0.478835 -0.587059
-0.455856 -0.605076
-0.432199 -0.622194
-0.407900 -0.638388
-0.382995 -0.653633
-0.357521 -0.667907
-0.331516 -0.681189
-0.305018 -0.693459
-0.278067 -0.704698
-0.250704 -0.714891
-0.222967 -0.724021
-0.194899 -0.732076
-0.166542 -0.739043
-0.137938 -0.744912
-0.109128 -0.749675
-0.080156 -0.753323
-0.051065 -0.755853
-0.021899 -0.757259
 0.007300 -0.757541
 0.036489 -0.756696
 0.065623 -0.754728
 0.094660 -0.751639
 0.123556 -0.747432
 0.152268 -0.742116
 0.180754 -0.735696
 0.208972 -0.728184
 0.236879 -0.719590
 0.264435 -0.709926
 0.291597 -0.699208
 0.318326 -0.687451
 0.344583 -0.674673
 0.370327 -0.660893
 0.395521 -0.646130
 0.420127 -0.630408
 0.444110 -0.613749
 0.467432 -0.596178
 0.490060 -0.577721
 0.511960 -0.558406
 0.533100 -0.538262
 0.553447 -0.517318
 0.572972 -0.495605
 0.591646 -0.473156
 0.609441 -0.450004
 0.626330 -0.426183
 0.642289 -0.401729
 0.657293 -0.376678
 0.671321 -0.351068
 0.684352 -0.324936
 0.696366 -0.298322
 0.707345 -0.271264
 0.717273 -0.243803
 0.726136 -0.215980
 0.733920 -0.187836
 0.740614 -0.159413
 0.746207 -0.130753
 0.750691 -0.101899
 0.754061 -0.072893
 0.756310 -0.043779
 0.757435 -0.014600
 0.757435  0.014600
 0.756310  0.043779
 0.754061  0.072893
 0.750691  0.101899
 0.746207  0.130753
 0.740614  0.159413
 0.733920  0.187836
 0.726136  0.215980
 0.717273  0.243803
 0.707345  0.271264
 0.696366  0.298322
 0.684352  0.324936
 0.671321  0.351068
 0.657293  0.376678
 0.642289  0.401729
 0.626330  0.426183
 0.609441  0.450004
 0.591646  0.473156
 0.572972  0.495605
 0.553447  0.517318
 0.533100  0.538262
 0.511960  0.558406
 0.490060  0.577721
 0.467432  0.596178
 0.444110  0.613749
 0.420127  0.630408
 0.395521  0.646130
 0.370327  0.660893
 0.344583  0.674673
 0.318326  0.687451
 0.291597  0.699208
 0.264435  0.709926
 0.236879  0.719590
 0.208972  0.728184
 0.180754  0.735696
 0.152268  0.742116
 0.123556  0.747432
 0.094660  0.751639
 0.065623  0.754728
 0.036489  0.756696
 0.007300  0.757541
-0.021899  0.757259
-0.051065  0.755853
-0.080156  0.753323
-0.109128  0.749675
-0.137938  0.744912
-0.166542  0.739043
-0.194899  0.732076
-0.222967  0.724021
-0.250704  0.714891
-0.278067  0.704698
-0.305018  0.693459
-0.331516  0.681189
-0.357521  0.667907
-0.382995  0.653633
-0.407900  0.638388
-0.432199  0.622194
-0.455856  0.605076
-0.478835  0.587059
-0.501103  0.568169
-0.522627  0.548436
-0.543374  0.527888
-0.563314  0.506555
-0.582417  0.484470
-0.600655  0.461665
-0.618000  0.438175
-0.634427  0.414033
-0.649912  0.389276
-0.664431  0.363941
-0.677962  0.338065
-0.690487  0.311687
-0.701986  0.284846
-0.712442  0.257581
-0.721839  0.229934
-0.730164  0.201945
-0.737404  0.173656
-0.743548  0.145110
-0.748588  0.116347
-0.752516  0.087412
-0.755326  0.058347
-0.757013  0.029195
 0.787879  0.000000
 0.787341  0.029113
 0.785727  0.058187
 0.783041  0.087181
 0.779284  0.116056
 0.774464  0.144772
 0.768585  0.173291
 0.761657  0.201573
 0.753688  0.229580
 0.744690  0.257273
 0.734675  0.284615
 0.723656  0.311568
 0.711649  0.338095
 0.698670  0.364161
 0.684737  0.389729
 0.669868  0.414765
 0.654084  0.439234
 0.637407  0.463104
 0.619860  0.486340
 0.601465  0.508913
 0.582249  0.530791
 0.562238  0.551943
 0.541459  0.572342
 0.519941  0.591958
 0.497712  0.610767
 0.474803  0.628741
 0.451246  0.645856
 0.427072  0.662089
 0.402315  0.677418
 0.377009  0.691822
 0.351188  0.705280
 0.324887  0.717775
 0.298142  0.729290
 0.270990  0.739809
 0.243468  0.749317
 0.215613  0.757802
 0.187464  0.765252
 0.159059  0.771656
 0.130436  0.777007
 0.101636  0.781296
 0.072696  0.784518
 0.043658  0.786668
 0.014559  0.787744
-0.014559  0.787744
-0.043658  0.786668
-0.072696  0.784518
-0.101636  0.781296
-0.130436  0.777007
-0.159059  0.771656
-0.187464  0.765252
-0.215613  0.757802
-0.243468  0.749317
-0.270990  0.739809
-0.298142  0.729290
-0.324887  0.717775
-0.351188  0.705280
-0.377009  0.691822
-0.402315  0.677418
-0.427072  0.662089
-0.451246  0.645856
-0.474803  0.628741
-0.497712  0.610767
-0.519941  0.591958
-0.541459  0.572342
-0.562238  0.551943
-0.582249  0.530791
-0.601465  0.508913
-0.619860  0.486340
-0.637407  0.463104
-0.654084  0.439234
-0.669868  0.414765
-0.684737  0.389729
-0.698670  0.364161
-0.711649  0.338095
-0.723656  0.311568
-0.734675  0.284615
-0.744690  0.257273
-0.753688  0.229580
-0.761657  0.201573
-0.768585  0.173291
-0.774464  0.144772
-0.779284  0.116056
-0.783041  0.087181
-0.785727  0.058187
-0.787341  0.029113
-0.787879  0.000000
-0.787341 -0.029113
-0.785727 -0.058187
-0.783041 -0.087181
-0.779284 -0.116056
-0.774464 -0.144772
-0.768585 -0.173291
-0.761657 -0.201573
-0.753688 -0.229580
-0.744690 -0.257273
-0.734675 -0.284615
-0.723656 -0.311568
-0.711649 -0.338095
-0.698670 -0.364161
-0.684737 -0.389729
-0.669868 -0.414765
-0.654084 -0.439234
-0.637407 -0.463104
-0.619860 -0.486340
-0.601465 -0.508913
-0.582249 -0.530791
-0.562238 -0.551943
-0.541459 -0.572342
-0.519941 -0.591958
-0.497712 -0.610767
-0.474803 -0.628741
-0.451246 -0.645856
-0.427072 -0.662089
-0.402315 -0.677418
-0.377009 -0.691822
-0.351188 -0.705280
-0.324887 -0.717775
-0.298142 -0.729290
-0.270990 -0.739809
-0.243468 -0.749317
-0.215613 -0.757802
-0.187464 -0.765252
-0.159059 -0.771656
-0.130436 -0.777007
-0.101636 -0.781296
-0.072696 -0.784518
-0.043658 -0.786668
-0.014559 -0.787744
 0.014559 -0.787744
 0.043658 -0.786668
 0.072696 -0.784518
 0.101636 -0.781296
 0.130436 -0.777007
 0.159059 -0.771656
 0.187464 -0.765252
 0.215613 -0.757802
 0.243468 -0.749317
 0.270990 -0.739809
 0.298142 -0.729290
 0.324887 -0.717775
 0.351188 -0.705280
 0.377009 -0.691822
 0.402315 -0.677418
 0.427072 -0.662089
 0.451246 -0.645856
 0.474803 -0.628741
 0.497712 -0.610767
 0.519941 -0.591958
 0.541459 -0.572342
 0.562238 -0.551943
 0.582249 -0.530791
 0.601465 -0.508913
 0.619860 -0.486340
 0.637407 -0.463104
 0.654084 -0.439234
 0.669868 -0.414765
 0.684737 -0.389729
 0.698670 -0.364161
 0.711649 -0.338095
 0.723656 -0.311568
 0.734675 -0.284615
 0.744690 -0.257273
 0.753688 -0.229580
 0.761657 -0.201573
 0.768585 -0.173291
 0.774464 -0.144772
 0.779284 -0.116056
 0.783041 -0.087181
 0.785727 -0.058187
 0.787341 -0.029113
-0.818182  0.000000
-0.817660 -0.029203
-0.816097 -0.058368
-0.813494 -0.087460
-0.809854 -0.116439
-0.805182 -0.145271
-0.799484 -0.173917
-0.792767 -0.202342
-0.785040 -0.230508
-0.776312 -0.258381
-0.766595 -0.285925
-0.755901 -0.313105
-0.744244 -0.339885
-0.731639 -0.366232
-0.718101 -0.392113
-0.703648 -0.417494
-0.688298 -0.442342
-0.672072 -0.466628
-0.654988 -0.490318
-0.637070 -0.513384
-0.618341 -0.535795
-0.598823 -0.557524
-0.578542 -0.578542
-0.557524 -0.598823
-0.535795 -0.618341
-0.513384 -0.637070
-0.490318 -0.654988
-0.466628 -0.672072
-0.442342 -0.688298
-0.417494 -0.703648
-0.392113 -0.718101
-0.366232 -0.731639
-0.339885 -0.744244
-0.313105 -0.755901
-0.285925 -0.766595
-0.258381 -0.776312
-0.230508 -0.785040
-0.202342 -0.792767
-0.173917 -0.799484
-0.145271 -0.805182
-0.116439 -0.809854
-0.087460 -0.813494
-0.058368 -0.816097
-0.029203 -0.817660
-0.000000 -0.818182
 0.029203 -0.817660
 0.058368 -0.816097
 0.087460 -0.813494
 0.116439 -0.809854
 0.145271 -0.805182
 0.173917 -0.799484
 0.202342 -0.792767
 0.230508 -0.785040
 0.258381 -0.776312
 0.285925 -0.766595
 0.313105 -0.755901
 0.339885 -0.744244
 0.366232 -0.731639
 0.392113 -0.718101
 0.417494 -0.703648
 0.442342 -0.688298
 0.466628 -0.672072
 0.490318 -0.654988
 0.513384 -0.637070
 0.535795 -0.618341
 0.557524 -0.598823
 0.578542 -0.578542
 0.598823 -0.557524
 0.618341 -0.535795
 0.637070 -0.513384
 0.654988 -0.490318
 0.672072 -0.466628
 0.688298 -0.442342
 0.703648 -0.417494
 0.718101 -0.392113
 0.731639 -0.366232
 0.744244 -0.339885
 0.755901 -0.313105
 0.766595 -0.285925
 0.776312 -0.258381
 0.785040 -0.230508
 0.792767 -0.202342
 0.799484 -0.173917
 0.805182 -0.145271
 0.809854 -0.116439
 0.813494 -0.087460
 0.816097 -0.058368
 0.817660 -0.029203
 0.818182 -0.000000
 0.817660  0.029203
 0.816097  0.058368
 0.813494  0.087460
 0.809854  0.116439
 0.805182  0.145271
 0.799484  0.173917
 0.792767  0.202342
 0.785040  0.230508
 0.776312  0.258381
 0.766595  0.285925
 0.755901  0.313105
 0.744244  0.339885
 0.731639  0.366232
 0.718101  0.392113
 0.703648  0.417494
 0.688298  0.442342
 0.672072  0.466628
 0.654988  0.490318
 0.637070  0.513384
 0.618341  0.535795
 0.598823  0.557524
 0.578542  0.578542
 0.557524  0.598823
 0.535795  0.618341
 0.513384  0.637070
 0.490318  0.654988
 0.466628  0.672072
 0.442342  0.688298
 0.417494  0.703648
 0.392113  0.718101
 0.366232  0.731639
 0.339885  0.744244
 0.313105  0.755901
 0.285925  0.766595
 0.258381  0.776312
 0.230508  0.785040
 0.202342  0.792767
 0.173917  0.799484
 0.145271  0.805182
 0.116439  0.809854
 0.087460  0.813494
 0.058368  0.816097
 0.029203  0.817660
 0.000000  0.818182
-0.029203  0.817660
-0.058368  0.816097
-0.087460  0.813494
-0.116439  0.809854
-0.145271  0.805182
-0.173917  0.799484
-0.202342  0.792767
-0.230508  0.785040
-0.258381  0.776312
-0.285925  0.766595
-0.313105  0.755901
-0.339885  0.744244
-0.366232  0.731639
-0.392113  0.718101
-0.417494  0.703648
-0.442342  0.688298
-0.466628  0.672072
-0.490318  0.654988
-0.513384  0.637070
-0.535795  0.618341
-0.557524  0.598823
-0.578542  0.578542
-0.598823  0.557524
-0.618341  0.535795
-0.637070  0.513384
-0.654988  0.490318
-0.672072  0.466628
-0.688298  0.442342
-0.703648  0.417494
-0.718101  0.392113
-0.731639  0.366232
-0.744244  0.339885
-0.755901  0.313105
-0.766595  0.285925
-0.776312  0.258381
-0.785040  0.230508
-0.792767  0.202342
-0.799484  0.173917
-0.805182  0.145271
-0.809854  0.116439
-0.813494  0.087460
-0.816097  0.058368
-0.817660  0.029203
 0.848485  0.000000
 0.847985  0.029126
 0.846485  0.058219
 0.843988  0.087242
 0.840496  0.116163
 0.836013  0.144946
 0.830544  0.173559
 0.824097  0.201968
 0.816678  0.230138
 0.808297  0.258037
 0.798963  0.285632
 0.788687  0.312890
 0.777481  0.339779
 0.765359  0.366268
 0.752335  0.392325
 0.738424  0.417920
 0.723642  0.443022
 0.708008  0.467601
 0.691539  0.491630
 0.674255  0.515079
 0.656176  0.537921
 0.637324  0.560129
 0.617721  0.581677
 0.597389  0.602539
 0.576353  0.622691
 0.554638  0.642108
 0.532269  0.660769
 0.509273  0.678651
 0.485676  0.695734
 0.461507  0.711996
 0.436794  0.727418
 0.411566  0.741984
 0.385853  0.755675
 0.359685  0.768475
 0.333093  0.780369
 0.306109  0.791343
 0.278763  0.801385
 0.251089  0.810482
 0.223119  0.818623
 0.194887  0.825800
 0.166424  0.832003
 0.137765  0.837226
 0.108944  0.841462
 0.079994  0.844706
 0.050951  0.846954
 0.021847  0.848204
-0.007283  0.848454
-0.036404  0.847704
-0.065482  0.845954
-0.094483  0.843208
-0.123373  0.839468
-0.152117  0.834738
-0.180682  0.829024
-0.209034  0.822333
-0.237139  0.814673
-0.264965  0.806052
-0.292479  0.796481
-0.319648  0.785972
-0.346440  0.774536
-0.372824  0.762187
-0.398768  0.748940
-0.424242  0.734809
-0.449217  0.719813
-0.473661  0.703968
-0.497548  0.687294
-0.520848  0.669809
-0.543534  0.651535
-0.565579  0.632493
-0.586958  0.612705
-0.607644  0.592195
-0.627615  0.570987
-0.646846  0.549106
-0.665314  0.526578
-0.682998  0.503429
-0.699877  0.479686
-0.715931  0.455379
-0.731141  0.430534
-0.745489  0.405182
-0.758959  0.379352
-0.771534  0.353075
-0.783199  0.326383
-0.793942  0.299305
-0.803748  0.271874
-0.812607  0.244123
-0.820508  0.216085
-0.827442  0.187791
-0.833401  0.159276
-0.838378  0.130574
-0.842366  0.101717
-0.845361  0.072741
-0.847360  0.043679
-0.848360  0.014565
-0.848360 -0.014565
-0.847360 -0.043679
-0.845361 -0.072741
-0.842366 -0.101717
-0.838378 -0.130574
-0.833401 -0.159276
-0.827442 -0.187791
-0.820508 -0.216085
-0.812607 -0.244123
-0.803748 -0.271874
-0.793942 -0.299305
-0.783199 -0.326383
-0.771534 -0.353075
-0.758959 -0.379352
-0.745489 -0.405182
-0.731141 -0.430534
-0.715931 -0.455379
-0.699877 -0.479686
-0.682998 -0.503429
-0.665314 -0.526578
-0.646846 -0.549106
-0.627615 -0.570987
-0.607644 -0.592195
-0.586958 -0.612705
-0.565579 -0.632493
-0.543534 -0.651535
-0.520848 -0.669809
-0.497548 -0.687294
-0.473661 -0.703968
-0.449217 -0.719813
-0.424242 -0.734809
-0.398768 -0.748940
-0.372824 -0.762187
-0.346440 -0.774536
-0.319648 -0.785972
-0.292479 -0.796481
-0.264965 -0.806052
-0.237139 -0.814673
-0.209034 -0.822333
-0.180682 -0.829024
-0.152117 -0.834738
-0.123373 -0.839468
-0.094483 -0.843208
-0.065482 -0.845954
-0.036404 -0.847704
-0.007283 -0.848454
 0.021847 -0.848204
 0.050951 -0.846954
 0.079994 -0.844706
 0.108944 -0.841462
 0.137765 -0.837226
 0.166424 -0.832003
 0.194887 -0.825800
 0.223119 -0.818623
 0.251089 -0.810482
 0.278763 -0.801385
 0.306109 -0.791343
 0.333093 -0.780369
 0.359685 -0.768475
 0.385853 -0.755675
 0.411566 -0.741984
 0.436794 -0.727418
 0.461507 -0.711996
 0.485676 -0.695734
 0.509273 -0.678651
 0.532269 -0.660769
 0.554638 -0.642108
 0.576353 -0.622691
 0.597389 -0.602539
 0.617721 -0.581677
 0.637324 -0.560129
 0.656176 -0.537921
 0.674255 -0.515079
 0.691539 -0.491630
 0.708008 -0.467601
 0.723642 -0.443022
 0.738424 -0.417920
 0.752335 -0.392325
 0.765359 -0.366268
 0.777481 -0.339779
 0.788687 -0.312890
 0.798963 -0.285632
 0.808297 -0.258037
 0.816678 -0.230138
 0.824097 -0.201968
 0.830544 -0.173559
 0.836013 -0.144946
 0.840496 -0.116163
 0.843988 -0.087242
 0.846485 -0.058219
 0.847985 -0.029126
-0.878788  0.000000
-0.878302 -0.029209
-0.876846 -0.058386
-0.874421 -0.087499
-0.871030 -0.116515
-0.866675 -0.145402
-0.861364 -0.174128
-0.855100 -0.202662
-0.847891 -0.230972
-0.839746 -0.259027
-0.830672 -0.286796
-0.820681 -0.314247
-0.809782 -0.341352
-0.797989 -0.368079
-0.785314 -0.394399
-0.771770 -0.420284
-0.757375 -0.445704
-0.742142 -0.470631
-0.726089 -0.495039
-0.709233 -0.518899
-0.691594 -0.542186
-0.673191 -0.564874
-0.654043 -0.586938
-0.634173 -0.608352
-0.613602 -0.629095
-0.592353 -0.649143
-0.570449 -0.668473
-0.547915 -0.687064
-0.524776 -0.704896
-0.501056 -0.721949
-0.476783 -0.738205
-0.451983 -0.753644
-0.426683 -0.768251
-0.400912 -0.782009
-0.374698 -0.794902
-0.348070 -0.806917
-0.321057 -0.818041
-0.293690 -0.828260
-0.265997 -0.837564
-0.238011 -0.845943
-0.209762 -0.853386
-0.181281 -0.859887
-0.152600 -0.865437
-0.123750 -0.870031
-0.094763 -0.873664
-0.065672 -0.876331
-0.036508 -0.878029
-0.007304 -0.878758
 0.021909 -0.878515
 0.051097 -0.877301
 0.080229 -0.875118
 0.109272 -0.871968
 0.138194 -0.867854
 0.166964 -0.862781
 0.195549 -0.856755
 0.223918 -0.849782
 0.252039 -0.841870
 0.279882 -0.833027
 0.307416 -0.823264
 0.334610 -0.812591
 0.361434 -0.801020
 0.387859 -0.788564
 0.413855 -0.775237
 0.439394 -0.761053
 0.464447 -0.746027
 0.488987 -0.730178
 0.512987 -0.713521
 0.536420 -0.696076
 0.559260 -0.677862
 0.581481 -0.658899
 0.603061 -0.639207
 0.623974 -0.618809
 0.644197 -0.597728
 0.663709 -0.575985
 0.682487 -0.553607
 0.700510 -0.530616
 0.717760 -0.507039
 0.734217 -0.482902
 0.749862 -0.458231
 0.764678 -0.433054
 0.778650 -0.407398
 0.791761 -0.381292
 0.803997 -0.354764
 0.815344 -0.327845
 0.825790 -0.300563
 0.835324 -0.272949
 0.843935 -0.245034
 0.851613 -0.216847
 0.858350 -0.188421
 0.864139 -0.159787
 0.868973 -0.130977
 0.872846 -0.102021
 0.875755 -0.072953
 0.877695 -0.043804
 0.878666 -0.014607
 0.878666  0.014607
 0.877695  0.043804
 0.875755  0.072953
 0.872846  0.102021
 0.868973  0.130977
 0.864139  0.159787
 0.858350  0.188421
 0.851613  0.216847
 0.843935  0.245034
 0.835324  0.272949
 0.825790  0.300563
 0.815344  0.327845
 0.803997  0.354764
 0.791761  0.381292
 0.778650  0.407398
 0.764678  0.433054
 0.749862  0.458231
 0.734217  0.482902
 0.717760  0.507039
 0.700510  0.530616
 0.682487  0.553607
 0.663709  0.575985
 0.644197  0.597728
 0.623974  0.618809
 0.603061  0.639207
 0.581481  0.658899
 0.559260  0.677862
 0.536420  0.696076
 0.512987  0.713521
 0.488987  0.730178
 0.464447  0.746027
 0.439394  0.761053
 0.413855  0.775237
 0.387859  0.788564
 0.361434  0.801020
 0.334610  0.812591
 0.307416  0.823264
 0.279882  0.833027
 0.252039  0.841870
 0.223918  0.849782
 0.195549  0.856755
 0.166964  0.862781
 0.138194  0.867854
 0.109272  0.871968
 0.080229  0.875118
 0.051097  0.877301
 0.021909  0.878515
-0.007304  0.878758
-0.036508  0.878029
-0.065672  0.876331
-0.094763  0.873664
-0.123750  0.870031
-0.152600  0.865437
-0.181281  0.859887
-0.209762  0.853386
-0.238011  0.845943
-0.265997  0.837564
-0.293690  0.828260
-0.321057  0.818041
-0.348070  0.806917
-0.374698  0.794902
-0.400912  0.782009
-0.426683  0.768251
-0.451983  0.753644
-0.476783  0.738205
-0.501056  0.721949
-0.524776  0.704896
-0.547915  0.687064
-0.570449  0.668473
-0.592353  0.649143
-0.613602  0.629095
-0.634173  0.608352
-0.654043  0.586938
-0.673191  0.564874
-0.691594  0.542186
-0.709233  0.518899
-0.726089  0.495039
-0.742142  0.470631
-0.757375  0.445704
-0.771770  0.420284
-0.785314  0.394399
-0.797989  0.368079
-0.809782  0.341352
-0.820681  0.314247
-0.830672  0.286796
-0.839746  0.259027
-0.847891  0.230972
-0.855100  0.202662
-0.861364  0.174128
-0.866675  0.145402
-0.871030  0.116515
-0.874421  0.087499
-0.876846  0.058386
-0.878302  0.029209
 0.909091  0.000000
 0.908624  0.029138
 0.907223  0.058246
 0.904890  0.087294
 0.901627  0.116252
 0.897438  0.145091
 0.892327  0.173781
 0.886298  0.202292
 0.879359  0.230595
 0.871516  0.258661
 0.862778  0.286462
 0.853153  0.313968
 0.842652  0.341152
 0.831284  0.367985
 0.819063  0.394440
 0.805999  0.420489
 0.792108  0.446107
 0.777403  0.471266
 0.761898  0.495941
 0.745611  0.520106
 0.728558  0.543737
 0.710756  0.566809
 0.692224  0.589299
 0.672980  0.611183
 0.653045  0.632439
 0.632439  0.653045
 0.611183  0.672980
 0.589299  0.692224
 0.566809  0.710756
 0.543737  0.728558
 0.520106  0.745611
 0.495941  0.761898
 0.471266  0.777403
 0.446107  0.792108
 0.420489  0.805999
 0.394440  0.819063
 0.367985  0.831284
 0.341152  0.842652
 0.313968  0.853153
 0.286462  0.862778
 0.258661  0.871516
 0.230595  0.879359
 0.202292  0.886298
 0.173781  0.892327
 0.145091  0.897438
 0.116252  0.901627
 0.087294  0.904890
 0.058246  0.907223
 0.029138  0.908624
 0.000000  0.909091
-0.029138  0.908624
-0.058246  0.907223
-0.087294  0.904890
-0.116252  0.901627
-0.145091  0.897438
-0.173781  0.892327
-0.202292  0.886298
-0.230595  0.879359
-0.258661  0.871516
-0.286462  0.862778
-0.313968  0.853153
-0.341152  0.842652
-0.367985  0.831284
-0.394440  0.819063
-0.420489  0.805999
-0.446107  0.792108
-0.471266  0.777403
-0.495941  0.761898
-0.520106  0.745611
-0.543737  0.728558
-0.566809  0.710756
-0.589299  0.692224
-0.611183  0.672980
-0.632439  0.653045
-0.653045  0.632439
-0.672980  0.611183
-0.692224  0.589299
-0.710756  0.566809
-0.728558  0.543737
-0.745611  0.520106
-0.761898  0.495941
-0.777403  0.471266
-0.792108  0.446107
-0.805999  0.420489
-0.819063  0.394440
-0.831284  0.367985
-0.842652  0.341152
-0.853153  0.313968
-0.862778  0.286462
-0.871516  0.258661
-0.879359  0.230595
-0.886298  0.202292
-0.892327  0.173781
-0.897438  0.145091
-0.901627  0.116252
-0.904890  0.087294
-0.907223  0.058246
-0.908624  0.029138
-0.909091  0.000000
-0.908624 -0.029138
-0.907223 -0.058246
-0.904890 -0.087294
-0.901627 -0.116252
-0.897438 -0.145091
-0.892327 -0.173781
-0.886298 -0.202292
-0.879359 -0.230595
-0.871516 -0.258661
-0.862778 -0.286462
-0.853153 -0.313968
-0.842652 -0.341152
-0.831284 -0.367985
-0.819063 -0.394440
-0.805999 -0.420489
-0.792108 -0.446107
-0.777403 -0.471266
-0.761898 -0.495941
-0.745611 -0.520106
-0.728558 -0.543737
-0.710756 -0.566809
-0.692224 -0.589299
-0.672980 -0.611183
-0.653045 -0.632439
-0.632439 -0.653045
-0.611183 -0.672980
-0.589299 -0.692224
-0.566809 -0.710756
-0.543737 -0.728558
-0.520106 -0.745611
-0.495941 -0.761898
-0.471266 -0.777403
-0.446107 -0.792108
-0.420489 -0.805999
-0.394440 -0.819063
-0.367985 -0.831284
-0.341152 -0.842652
-0.313968 -0.853153
-0.286462 -0.862778
-0.258661 -0.871516
-0.230595 -0.879359
-0.202292 -0.886298
-0.173781 -0.892327
-0.145091 -0.897438
-0.116252 -0.901627
-0.087294 -0.904890
-0.058246 -0.907223
-0.029138 -0.908624
-0.000000 -0.909091
 0.029138 -0.908624
 0.058246 -0.907223
 0.087294 -0.904890
 0.116252 -0.901627
 0.145091 -0.897438
 0.173781 -0.892327
 0.202292 -0.886298
 0.230595 -0.879359
 0.258661 -0.871516
 0.286462 -0.862778
 0.313968 -0.853153
 0.341152 -0.842652
 0.367985 -0.831284
 0.394440 -0.819063
 0.420489 -0.805999
 0.446107 -0.792108
 0.471266 -0.777403
 0.495941 -0.761898
 0.520106 -0.745611
 0.543737 -0.728558
 0.566809 -0.710756
 0.589299 -0.692224
 0.611183 -0.672980
 0.632439 -0.653045
 0.653045 -0.632439
 0.672980 -0.611183
 0.692224 -0.589299
 0.710756 -0.566809
 0.728558 -0.543737
 0.745611 -0.520106
 0.761898 -0.495941
 0.777403 -0.471266
 0.792108 -0.446107
 0.805999 -0.420489
 0.819063 -0.394440
 0.831284 -0.367985
 0.842652 -0.341152
 0.853153 -0.313968
 0.862778 -0.286462
 0.871516 -0.258661
 0.879359 -0.230595
 0.886298 -0.202292
 0.892327 -0.173781
 0.897438 -0.145091
 0.901627 -0.116252
 0.904890 -0.087294
 0.907223 -0.058246
 0.908624 -0.029138
-0.939394  0.000000
-0.938944 -0.029071
-0.937595 -0.058114
-0.935347 -0.087102
-0.932204 -0.116006
-0.928167 -0.144799
-0.923241 -0.173454
-0.917431 -0.201942
-0.910743 -0.230237
-0.903181 -0.258311
-0.894755 -0.286138
-0.885471 -0.313690
-0.875339 -0.340943
-0.864369 -0.367868
-0.852571 -0.394441
-0.839956 -0.420637
-0.826536 -0.446429
-0.812325 -0.471794
-0.797335 -0.496707
-0.781582 -0.521144
-0.765080 -0.545081
-0.747845 -0.568497
-0.729894 -0.591368
-0.711243 -0.613673
-0.691911 -0.635389
-0.671917 -0.656497
-0.651279 -0.676977
-0.630016 -0.696807
-0.608151 -0.715970
-0.585703 -0.734448
-0.562693 -0.752222
-0.539145 -0.769275
-0.515080 -0.785591
-0.490522 -0.801155
-0.465494 -0.815951
-0.440020 -0.829966
-0.414125 -0.843186
-0.387832 -0.855597
-0.361169 -0.867190
-0.334159 -0.877951
-0.306829 -0.887872
-0.279206 -0.896942
-0.251314 -0.905153
-0.223183 -0.912497
-0.194837 -0.918967
-0.166305 -0.924556
-0.137613 -0.929260
-0.108790 -0.933073
-0.079862 -0.935993
-0.050858 -0.938016
-0.021805 -0.939141
 0.007269 -0.939366
 0.036336 -0.938691
 0.065368 -0.937117
 0.094337 -0.934645
 0.123216 -0.931278
 0.151977 -0.927019
 0.180592 -0.921872
 0.209035 -0.915841
 0.237277 -0.908934
 0.265292 -0.901155
 0.293053 -0.892514
 0.320533 -0.883017
 0.347706 -0.872675
 0.374545 -0.861497
 0.401027 -0.849493
 0.427123 -0.836676
 0.452811 -0.823057
 0.478065 -0.808650
 0.502861 -0.793468
 0.527176 -0.777526
 0.550985 -0.760839
 0.574267 -0.743424
 0.596998 -0.725296
 0.619158 -0.706473
 0.640724 -0.686974
 0.661677 -0.666817
 0.681996 -0.646021
 0.701661 -0.624606
 0.720655 -0.602592
 0.738958 -0.580002
 0.756553 -0.556856
 0.773424 -0.533176
 0.789553 -0.508986
 0.804926 -0.484308
 0.819529 -0.459166
 0.833346 -0.433585
 0.846365 -0.407588
 0.858573 -0.381200
 0.869958 -0.354448
 0.880511 -0.327356
 0.890220 -0.299950
 0.899076 -0.272257
 0.907071 -0.244303
 0.914196 -0.216115
 0.920447 -0.187720
 0.925815 -0.159146
 0.930297 -0.130418
 0.933887 -0.101566
 0.936583 -0.072617
 0.938382 -0.043598
 0.939281 -0.014537
 0.939281  0.014537
 0.938382  0.043598
 0.936583  0.072617
 0.933887  0.101566
 0.930297  0.130418
 0.925815  0.159146
 0.920447  0.187720
 0.914196  0.216115
 0.907071  0.244303
 0.899076  0.272257
 0.890220  0.299950
 0.880511  0.327356
 0.869958  0.354448
 0.858573  0.381200
 0.846365  0.407588
 0.833346  0.433585
 0.819529  0.459166
 0.804926  0.484308
 0.789553  0.508986
 0.773424  0.533176
 0.756553  0.556856
 0.738958  0.580002
 0.720655  0.602592
 0.701661  0.624606
 0.681996  0.646021
 0.661677  0.666817
 0.640724  0.686974
 0.619158  0.706473
 0.596998  0.725296
 0.574267  0.743424
 0.550985  0.760839
 0.527176  0.777526
 0.502861  0.793468
 0.478065  0.808650
 0.452811  0.823057
 0.427123  0.836676
 0.401027  0.849493
 0.374545  0.861497
 0.347706  0.872675
 0.320533  0.883017
 0.293053  0.892514
 0.265292  0.901155
 0.237277  0.908934
 0.209035  0.915841
 0.180592  0.921872
 0.151977  0.927019
 0.123216  0.931278
 0.094337  0.934645
 0.065368  0.937117
 0.036336  0.938691
 0.007269  0.939366
-0.021805  0.939141
-0.050858  0.938016
-0.079862  0.935993
-0.108790  0.933073
-0.137613  0.929260
-0.166305  0.924556
-0.194837  0.918967
-0.223183  0.912497
-0.251314  0.905153
-0.279206  0.896942
-0.306829  0.887872
-0.334159  0.877951
-0.361169  0.867190
-0.387832  0.855597
-0.414125  0.843186
-0.440020  0.829966
-0.465494  0.815951
-0.490522  0.801155
-0.515080  0.785591
-0.539145  0.769275
-0.562693  0.752222
-0.585703  0.734448
-0.608151  0.715970
-0.630016  0.696807
-0.651279  0.676977
-0.671917  0.656497
-0.691911  0.635389
-0.711243  0.613673
-0.729894  0.591368
-0.747845  0.568497
-0.765080  0.545081
-0.781582  0.521144
-0.797335  0.496707
-0.812325  0.471794
-0.826536  0.446429
-0.839956  0.420637
-0.852571  0.394441
-0.864369  0.367868
-0.875339  0.340943
-0.885471  0.313690
-0.894755  0.286138
-0.903181  0.258311
-0.910743  0.230237
-0.917431  0.201942
-0.923241  0.173454
-0.928167  0.144799
-0.932204  0.116006
-0.935347  0.087102
-0.937595  0.058114
-0.938944  0.029071
 0.969697  0.000000
 0.969259  0.029148
 0.967945  0.058269
 0.965756  0.087338
 0.962694  0.116328
 0.958763  0.145212
 0.953964  0.173966
 0.948304  0.202562
 0.941787  0.230975
 0.934419  0.259179
 0.926206  0.287149
 0.917156  0.314860
 0.907277  0.342286
 0.896579  0.369403
 0.885070  0.396186
 0.872761  0.422611
 0.859664  0.448654
 0.845790  0.474291
 0.831151  0.499500
 0.815761  0.524258
 0.799634  0.548541
 0.782784  0.572329
 0.765227  0.595600
 0.746979  0.618333
 0.728055  0.640506
 0.708473  0.662101
 0.688251  0.683098
 0.667407  0.703477
 0.645960  0.723220
 0.623929  0.742310
 0.601335  0.760729
 0.578196  0.778461
 0.554536  0.795489
 0.530374  0.811798
 0.505733  0.827373
 0.480635  0.842201
 0.455102  0.856268
 0.429158  0.869560
 0.402827  0.882067
 0.376131  0.893777
 0.349095  0.904679
 0.321744  0.914764
 0.294102  0.924022
 0.266195  0.932444
 0.238047  0.940025
 0.209683  0.946755
 0.181130  0.952630
 0.152414  0.957644
 0.123560  0.961793
 0.094594  0.965072
 0.065542  0.967479
 0.036432  0.969012
 0.007288  0.969670
-0.021862  0.969450
-0.050993  0.968355
-0.080077  0.966385
-0.109089  0.963541
-0.138002  0.959827
-0.166791  0.955245
-0.195429  0.949800
-0.223890  0.943496
-0.252149  0.936340
-0.280180  0.928338
-0.307958  0.919497
-0.335458  0.909824
-0.362654  0.899330
-0.389523  0.888023
-0.416040  0.875913
-0.442180  0.863012
-0.467921  0.849330
-0.493239  0.834881
-0.518112  0.819678
-0.542516  0.803734
-0.566430  0.787064
-0.589832  0.769682
-0.612701  0.751605
-0.635016  0.732848
-0.656758  0.713429
-0.677906  0.693366
-0.698441  0.672676
-0.718345  0.651377
-0.737600  0.629491
-0.756188  0.607035
-0.774093  0.584031
-0.791299  0.560499
-0.807789  0.536460
-0.823549  0.511937
-0.838565  0.486951
-0.852823  0.461525
-0.866310  0.435682
-0.879015  0.409445
-0.890925  0.382838
-0.902030  0.355885
-0.912320  0.328610
-0.921785  0.301039
-0.930417  0.273195
-0.938209  0.245105
-0.945152  0.216793
-0.951242  0.188285
-0.956472  0.159607
-0.960837  0.130785
-0.964334  0.101844
-0.966960  0.072812
-0.968711  0.043713
-0.969587  0.014575
-0.969587 -0.014575
-0.968711 -0.043713
-0.966960 -0.072812
-0.964334 -0.101844
-0.960837 -0.130785
-0.956472 -0.159607
-0.951242 -0.188285
-0.945152 -0.216793
-0.938209 -0.245105
-0.930417 -0.273195
-0.921785 -0.301039
-0.912320 -0.328610
-0.902030 -0.355885
-0.890925 -0.382838
-0.879015 -0.409445
-0.866310 -0.435682
-0.852823 -0.461525
-0.838565 -0.486951
-0.823549 -0.511937
-0.807789 -0.536460
-0.791299 -0.560499
-0.774093 -0.584031
-0.756188 -0.607035
-0.737600 -0.629491
-0.718345 -0.651377
-0.698441 -0.672676
-0.677906 -0.693366
-0.656758 -0.713429
-0.635016 -0.732848
-0.612701 -0.751605
-0.589832 -0.769682
-0.566430 -0.787064
-0.542516 -0.803734
-0.518112 -0.819678
-0.493239 -0.834881
-0.467921 -0.849330
-0.442180 -0.863012
-0.416040 -0.875913
-0.389523 -0.888023
-0.362654 -0.899330
-0.335458 -0.909824
-0.307958 -0.919497
-0.280180 -0.928338
-0.252149 -0.936340
-0.223890 -0.943496
-0.195429 -0.949800
-0.166791 -0.955245
-0.138002 -0.959827
-0.109089 -0.963541
-0.080077 -0.966385
-0.050993 -0.968355
-0.021862 -0.969450
 0.007288 -0.969670
 0.036432 -0.969012
 0.065542 -0.967479
 0.094594 -0.965072
 0.123560 -0.961793
 0.152414 -0.957644
 0.181130 -0.952630
 0.209683 -0.946755
 0.238047 -0.940025
 0.266195 -0.932444
 0.294102 -0.924022
 0.321744 -0.914764
 0.349095 -0.904679
 0.376131 -0.893777
 0.402827 -0.882067
 0.429158 -0.869560
 0.455102 -0.856268
 0.480635 -0.842201
 0.505733 -0.827373
 0.530374 -0.811798
 0.554536 -0.795489
 0.578196 -0.778461
 0.601335 -0.760729
 0.623929 -0.742310
 0.645960 -0.723220
 0.667407 -0.703477
 0.688251 -0.683098
 0.708473 -0.662101
 0.728055 -0.640506
 0.746979 -0.618333
 0.765227 -0.595600
 0.782784 -0.572329
 0.799634 -0.548541
 0.815761 -0.524258
 0.831151 -0.499500
 0.845790 -0.474291
 0.859664 -0.448654
 0.872761 -0.422611
 0.885070 -0.396186
 0.896579 -0.369403
 0.907277 -0.342286
 0.917156 -0.314860
 0.926206 -0.287149
 0.934419 -0.259179
 0.941787 -0.230975
 0.948304 -0.202562
 0.953964 -0.173966
 0.958763 -0.145212
 0.962694 -0.116328
 0.965756 -0.087338
 0.967945 -0.058269
 0.969259 -0.029148
-1.000000  0.000000
-0.999577 -0.029085
-0.998308 -0.058145
-0.996195 -0.087156
-0.993238 -0.116093
-0.989442 -0.144932
-0.984808 -0.173648
-0.979341 -0.202218
-0.973045 -0.230616
-0.965926 -0.258819
-0.957990 -0.286803
-0.949243 -0.314545
-0.939693 -0.342020
-0.929348 -0.369206
-0.918216 -0.396080
-0.906308 -0.422618
-0.893633 -0.448799
-0.880201 -0.474600
-0.866025 -0.500000
-0.851117 -0.524977
-0.835488 -0.549509
-0.819152 -0.573576
-0.802123 -0.597159
-0.784416 -0.620235
-0.766044 -0.642788
-0.747025 -0.664796
-0.727374 -0.686242
-0.707107 -0.707107
-0.686242 -0.727374
-0.664796 -0.747025
-0.642788 -0.766044
-0.620235 -0.784416
-0.597159 -0.802123
-0.573576 -0.819152
-0.549509 -0.835488
-0.524977 -0.851117
-0.500000 -0.866025
-0.474600 -0.880201
-0.448799 -0.893633
-0.422618 -0.906308
-0.396080 -0.918216
-0.369206 -0.929348
-0.342020 -0.939693
-0.314545 -0.949243
-0.286803 -0.957990
-0.258819 -0.965926
-0.230616 -0.973045
-0.202218 -0.979341
-0.173648 -0.984808
-0.144932 -0.989442
-0.116093 -0.993238
-0.087156 -0.996195
-0.058145 -0.998308
-0.029085 -0.999577
-0.000000 -1.000000
 0.029085 -0.999577
 0.058145 -0.998308
 0.087156 -0.996195
 0.116093 -0.993238
 0.144932 -0.989442
 0.173648 -0.984808
 0.202218 -0.979341
 0.230616 -0.973045
 0.258819 -0.965926
 0.286803 -0.957990
 0.314545 -0.949243
 0.342020 -0.939693
 0.369206 -0.929348
 0.396080 -0.918216
 0.422618 -0.906308
 0.448799 -0.893633
 0.474600 -0.880201
 0.500000 -0.866025
 0.524977 -0.851117
 0.549509 -0.835488
 0.573576 -0.819152
 0.597159 -0.802123
 0.620235 -0.784416
 0.642788 -0.766044
 0.664796 -0.747025
 0.686242 -0.727374
 0.707107 -0.707107
 0.727374 -0.686242
 0.747025 -0.664796
 0.766044 -0.642788
 0.784416 -0.620235
 0.802123 -0.597159
 0.819152 -0.573576
 0.835488 -0.549509
 0.851117 -0.524977
 0.866025 -0.500000
 0.880201 -0.474600
 0.893633 -0.448799
 0.906308 -0.422618
 0.918216 -0.396080
 0.929348 -0.369206
 0.939693 -0.342020
 0.949243 -0.314545
 0.957990 -0.286803
 0.965926 -0.258819
 0.973045 -0.230616
 0.979341 -0.202218
 0.984808 -0.173648
 0.989442 -0.144932
 0.993238 -0.116093
 0.996195 -0.087156
 0.998308 -0.058145
 0.999577 -0.029085
1.000000 -0.000000
 0.999577  0.029085
 0.998308  0.058145
 0.996195  0.087156
 0.993238  0.116093
 0.989442  0.144932
 0.984808  0.173648
 0.979341  0.202218
 0.973045  0.230616
 0.965926  0.258819
 0.957990  0.286803
 0.949243  0.314545
 0.939693  0.342020
 0.929348  0.369206
 0.918216  0.396080
 0.906308  0.422618
 0.893633  0.448799
 0.880201  0.474600
 0.866025  0.500000
 0.851117  0.524977
 0.835488  0.549509
 0.819152  0.573576
 0.802123  0.597159
 0.784416  0.620235
 0.766044  0.642788
 0.747025  0.664796
 0.727374  0.686242
 0.707107  0.707107
 0.686242  0.727374
 0.664796  0.747025
 0.642788  0.766044
 0.620235  0.784416
 0.597159  0.802123
 0.573576  0.819152
 0.549509  0.835488
 0.524977  0.851117
 0.500000  0.866025
 0.474600  0.880201
 0.448799  0.893633
 0.422618  0.906308
 0.396080  0.918216
 0.369206  0.929348
 0.342020  0.939693
 0.314545  0.949243
 0.286803  0.957990
 0.258819  0.965926
 0.230616  0.973045
 0.202218  0.979341
 0.173648  0.984808
 0.144932  0.989442
 0.116093  0.993238
 0.087156  0.996195
 0.058145  0.998308
 0.029085  0.999577
 0.000000 1.000000
-0.029085  0.999577
-0.058145  0.998308
-0.087156  0.996195
-0.116093  0.993238
-0.144932  0.989442
-0.173648  0.984808
-0.202218  0.979341
-0.230616  0.973045
-0.258819  0.965926
-0.286803  0.957990
-0.314545  0.949243
-0.342020  0.939693
-0.369206  0.929348
-0.396080  0.918216
-0.422618  0.906308
-0.448799  0.893633
-0.474600  0.880201
-0.500000  0.866025
-0.524977  0.851117
-0.549509  0.835488
-0.573576  0.819152
-0.597159  0.802123
-0.620235  0.784416
-0.642788  0.766044
-0.664796  0.747025
-0.686242  0.727374
-0.707107  0.707107
-0.727374  0.686242
-0.747025  0.664796
-0.766044  0.642788
-0.784416  0.620235
-0.802123  0.597159
-0.819152  0.573576
-0.835488  0.549509
-0.851117  0.524977
-0.866025  0.500000
-0.880201  0.474600
-0.893633  0.448799
-0.906308  0.422618
-0.918216  0.396080
-0.929348  0.369206
-0.939693  0.342020
-0.949243  0.314545
-0.957990  0.286803
-0.965926  0.258819
-0.973045  0.230616
-0.979341  0.202218
-0.984808  0.173648
-0.989442  0.144932
-0.993238  0.116093
-0.996195  0.087156
-0.998308  0.058145
-0.999577  0.029085
